20 20 1
-1
-1
-1
-1
-1
-1
-1
-1
-1
-1
-1
-1
-1
-1
-1
-1
6 16 0
16 0 9 99
6 17 0
17 0 19 99
6 18 0
18 0 24 99
6 19 0
19 0 25 99
2 0 1
0 1 35 4
-1
-1
-1
-1
-1
-1
-1
-1
-1
-1
-1
-1
-1
-1
-1
6 16 1
16 1 10 99
6 17 1
17 1 15 99
6 18 1
18 1 31 99
6 19 1
19 1 33 99
-1
-1
-1
-1
-1
-1
-1
-1
-1
-1
-1
-1
-1
-1
-1
-1
-1
6 17 2
17 2 14 99
6 18 2
18 2 32 99
6 19 2
19 2 34 99
-1
-1
-1
-1
-1
-1
-1
-1
-1
-1
3 10 3
10 3 35 3
-1
-1
-1
-1
-1
6 16 3
16 3 1 99
6 17 3
17 3 3 99
6 18 3
18 3 3 99
6 19 3
19 3 6 99
-1
-1
-1
-1
-1
-1
-1
-1
5 8 4
8 4 0 4
-1
-1
-1
-1
-1
-1
-1
-1
6 17 4
17 4 1 99
6 18 4
18 4 2 99
7 19 4
19 4 21 0
-1
-1
-1
-1
5 4 5
4 5 2 4
-1
5 6 5
6 5 0 4
5 7 5
7 5 0 4
-1
5 9 5
9 5 0 4
5 10 5
10 5 0 4
-1
-1
-1
-1
-1
-1
-1
-1
-1
-1
-1
5 2 6
2 6 3 4
-1
5 4 6
4 6 0 4
5 5 6
5 6 0 4
-1
5 7 6
7 6 2 4
5 8 6
8 6 1 4
5 9 6
9 6 1 4
5 10 6
10 6 1 4
5 11 6
11 6 0 4
-1
-1
-1
-1
-1
3 17 6
17 6 35 3
-1
-1
-1
-1
-1
5 3 7
3 7 1 4
5 4 7
4 7 4 4
-1
5 6 7
6 7 1 4
5 7 7
7 7 0 4
5 8 7
8 7 0 4
5 9 7
9 7 2 4
5 10 7
10 7 2 4
5 11 7
11 7 1 4
5 12 7
12 7 2 4
5 13 7
13 7 0 4
5 14 7
14 7 0 4
-1
-1
-1
-1
-1
-1
-1
-1
-1
5 4 8
4 8 0 4
5 5 8
5 8 1 4
5 6 8
6 8 2 4
5 7 8
7 8 0 4
5 8 8
8 8 4 4
5 9 8
9 8 1 4
5 10 8
10 8 3 4
0 11 8
11 8 34 5
	-5
5 12 8
12 8 3 4
-1
5 14 8
14 8 1 4
5 15 8
15 8 0 4
-1
-1
-1
-1
-1
-1
-1
-1
-1
5 5 9
5 9 3 4
5 6 9
6 9 3 4
5 7 9
7 9 2 4
5 8 9
8 9 2 4
5 9 9
9 9 5 4
5 10 9
10 9 4 4
5 11 9
11 9 2 4
5 12 9
12 9 8 4
5 13 9
13 9 8 4
-1
5 15 9
15 9 5 4
5 16 9
16 9 2 4
-1
-1
-1
-1
-1
-1
-1
5 4 10
4 10 0 4
5 5 10
5 10 7 4
5 6 10
6 10 1 4
5 7 10
7 10 4 4
5 8 10
8 10 0 4
5 9 10
9 10 5 4
5 10 10
10 10 3 4
5 11 10
11 10 7 4
5 12 10
12 10 1 4
5 13 10
13 10 3 4
5 14 10
14 10 6 4
-1
5 16 10
16 10 1 4
-1
-1
-1
-1
-1
-1
-1
5 4 11
4 11 0 4
5 5 11
5 11 3 4
5 6 11
6 11 0 4
5 7 11
7 11 2 4
5 8 11
8 11 1 4
5 9 11
9 11 5 4
5 10 11
10 11 6 4
5 11 11
11 11 4 4
5 12 11
12 11 5 4
1 13 11
13 11 35 9
-1
5 15 11
15 11 0 4
-1
5 17 11
17 11 4 4
5 18 11
18 11 5 4
-1
-1
-1
-1
-1
-1
5 5 12
5 12 0 4
5 6 12
6 12 1 4
5 7 12
7 12 1 4
5 8 12
8 12 2 4
5 9 12
9 12 2 4
5 10 12
10 12 11 4
5 11 12
11 12 3 4
5 12 12
12 12 6 4
5 13 12
13 12 0 4
5 14 12
14 12 0 4
5 15 12
15 12 0 4
5 16 12
16 12 1 4
-1
-1
-1
-1
-1
-1
-1
-1
-1
5 6 13
6 13 1 4
5 7 13
7 13 4 4
5 8 13
8 13 2 4
5 9 13
9 13 1 4
5 10 13
10 13 2 4
5 11 13
11 13 6 4
5 12 13
12 13 3 4
5 13 13
13 13 5 4
5 14 13
14 13 35 4
5 15 13
15 13 2 4
-1
10 17 13
17 13 2 0
10 18 13
18 13 4 0
-1
-1
-1
-1
-1
-1
-1
1 6 14
6 14 35 9
-1
5 8 14
8 14 0 4
5 9 14
9 14 2 4
5 10 14
10 14 0 4
5 11 14
11 14 7 4
5 12 14
12 14 8 4
5 13 14
13 14 5 4
5 14 14
14 14 2 4
5 15 14
15 14 1 4
-1
-1
-1
5 19 14
19 14 10 4
-1
-1
-1
-1
-1
-1
-1
5 7 15
7 15 3 4
5 8 15
8 15 0 4
5 9 15
9 15 0 4
5 10 15
10 15 1 4
5 11 15
11 15 5 4
5 12 15
12 15 3 4
5 13 15
13 15 2 4
-1
-1
-1
5 17 15
17 15 20 4
10 18 15
18 15 11 0
10 19 15
19 15 12 0
-1
-1
-1
-1
-1
-1
-1
5 7 16
7 16 0 4
5 8 16
8 16 16 4
5 9 16
9 16 1 4
5 10 16
10 16 2 4
5 11 16
11 16 2 4
5 12 16
12 16 0 4
5 13 16
13 16 9 4
5 14 16
14 16 19 4
-1
5 16 16
16 16 27 4
-1
10 18 16
18 16 13 0
10 19 16
19 16 25 0
-1
-1
9 2 17
2 17 8 10
9 3 17
3 17 0 10
9 4 17
4 17 7 10
-1
-1
-1
5 8 17
8 17 4 4
5 9 17
9 17 0 4
5 10 17
10 17 1 4
5 11 17
11 17 8 4
5 12 17
12 17 1 4
-1
-1
-1
5 16 17
16 17 9 4
-1
10 18 17
18 17 26 0
10 19 17
19 17 26 0
-1
8 1 18
1 18 6 0
9 2 18
2 18 21 10
9 3 18
3 18 34 10
9 4 18
4 18 30 10
9 5 18
5 18 13 10
9 6 18
6 18 12 10
9 7 18
7 18 11 10
-1
-1
-1
5 11 18
11 18 0 4
5 12 18
12 18 4 4
10 13 18
13 18 7 0
10 14 18
14 18 0 0
10 15 18
15 18 10 0
-1
5 17 18
17 18 9 4
10 18 18
18 18 29 0
10 19 18
19 18 31 0
-1
8 1 19
1 19 8 0
8 2 19
2 19 34 0
9 3 19
3 19 15 10
9 4 19
4 19 10 10
-1
9 6 19
6 19 9 10
-1
-1
-1
-1
-1
5 12 19
12 19 34 4
-1
10 14 19
14 19 4 0
10 15 19
15 19 17 0
10 16 19
16 19 31 0
10 17 19
17 19 32 0
10 18 19
18 19 34 0
10 19 19
19 19 32 0
